2075
121.52049255371 38.881656646729
121.52049255371 38.881656646729
121.52049255371 38.881656646729
121.52049255371 38.881656646729
121.52049255371 38.881656646729
121.52049255371 38.881656646729
121.52049255371 38.881656646729
121.52049255371 38.881656646729
121.52049255371 38.881656646729
121.52049255371 38.881656646729
121.52049255371 38.881649017334
121.52049255371 38.881637573242
121.52049255371 38.881629943848
121.52050018311 38.881618499756
121.52050018311 38.881610870361
121.52050018311 38.881591796875
121.52050018311 38.88158416748
121.52050018311 38.881576538086
121.52050018311 38.881565093994
121.52050018311 38.8815574646
121.52050018311 38.881549835205
121.52050018311 38.881538391113
121.52050018311 38.881530761719
121.5205078125 38.881523132324
121.5205078125 38.881511688232
121.5205078125 38.881504058838
121.5205078125 38.881484985352
121.5205078125 38.881477355957
121.5205078125 38.881465911865
121.5205078125 38.881458282471
121.5205078125 38.881450653076
121.5205078125 38.881439208984
121.5205078125 38.88143157959
121.5205078125 38.881423950195
121.5205078125 38.881412506104
121.5205078125 38.881404876709
121.52050018311 38.881393432617
121.52050018311 38.881385803223
121.52050018311 38.881374359131
121.5205078125 38.881366729736
121.5205078125 38.881359100342
121.5205078125 38.881351470947
121.5205078125 38.881343841553
121.52050018311 38.881332397461
121.5205078125 38.881324768066
121.52050018311 38.881313323975
121.52050018311 38.88130569458
121.5205078125 38.881286621094
121.52050018311 38.881278991699
121.5205078125 38.881267547607
121.5205078125 38.881259918213
121.5205078125 38.881248474121
121.5205078125 38.881240844727
121.52051544189 38.881229400635
121.52051544189 38.88122177124
121.52051544189 38.881214141846
121.52051544189 38.881202697754
121.52051544189 38.881195068359
121.52051544189 38.881183624268
121.52051544189 38.881175994873
121.52051544189 38.881164550781
121.52051544189 38.881156921387
121.52051544189 38.881145477295
121.52052307129 38.8811378479
121.52051544189 38.881126403809
121.52051544189 38.881118774414
121.52051544189 38.881107330322
121.52051544189 38.881103515625
121.52051544189 38.881092071533
121.52051544189 38.881084442139
121.52052307129 38.881076812744
121.52052307129 38.881065368652
121.52052307129 38.881057739258
121.52051544189 38.881046295166
121.52051544189 38.881038665771
121.52051544189 38.88102722168
121.52052307129 38.881019592285
121.52051544189 38.881011962891
121.52051544189 38.881000518799
121.52051544189 38.880992889404
121.52051544189 38.88098526001
121.52051544189 38.880973815918
121.52051544189 38.880966186523
121.52051544189 38.880958557129
121.52051544189 38.880947113037
121.52052307129 38.880939483643
121.52052307129 38.880931854248
121.52052307129 38.880924224854
121.52053070068 38.880916595459
121.52053070068 38.880905151367
121.52053070068 38.880897521973
121.52053833008 38.880886077881
121.52053833008 38.880882263184
121.52053833008 38.880878448486
121.52053833008 38.880878448486
121.52053833008 38.880878448486
121.52053833008 38.880878448486
121.52053070068 38.880882263184
121.52053070068 38.880874633789
121.52053833008 38.880867004395
121.52053833008 38.880863189697
121.52053833008 38.880863189697
121.52053833008 38.880855560303
121.52053833008 38.880847930908
121.52053833008 38.880840301514
121.52053833008 38.880828857422
121.52053833008 38.880821228027
121.52054595947 38.880813598633
121.52054595947 38.880805969238
121.52053833008 38.880794525146
121.52053833008 38.880786895752
121.52053833008 38.880767822266
121.52053833008 38.880760192871
121.52053833008 38.880752563477
121.52053070068 38.880741119385
121.52053070068 38.88073348999
121.52053070068 38.880725860596
121.52053070068 38.880714416504
121.52053070068 38.880706787109
121.52053070068 38.880695343018
121.52053070068 38.880687713623
121.52053833008 38.880680084229
121.52053833008 38.880668640137
121.52053833008 38.880661010742
121.52053833008 38.880653381348
121.52053833008 38.880641937256
121.52053833008 38.880634307861
121.52053833008 38.880615234375
121.52053833008 38.88060760498
121.52053833008 38.880596160889
121.52053833008 38.880588531494
121.52053833008 38.8805809021
121.52053833008 38.880569458008
121.52053833008 38.880561828613
121.52053833008 38.880542755127
121.52053833008 38.880535125732
121.52053833008 38.880523681641
121.52053833008 38.880516052246
121.52053833008 38.880508422852
121.52054595947 38.880500793457
121.52055358887 38.880493164062
121.52056121826 38.880485534668
121.52056884766 38.880477905273
121.52056884766 38.880470275879
121.52056884766 38.880462646484
121.52056884766 38.880451202393
121.52056121826 38.880443572998
121.52056121826 38.880432128906
121.52056121826 38.880424499512
121.52055358887 38.880416870117
121.52055358887 38.880409240723
121.52054595947 38.880397796631
121.52054595947 38.880390167236
121.52054595947 38.880382537842
121.52054595947 38.88037109375
121.52054595947 38.880363464355
121.52054595947 38.880355834961
121.52054595947 38.880344390869
121.52054595947 38.880336761475
121.52054595947 38.880325317383
121.52054595947 38.880317687988
121.52054595947 38.880310058594
121.52054595947 38.880298614502
121.52054595947 38.880290985107
121.52054595947 38.880283355713
121.52054595947 38.880271911621
121.52054595947 38.880264282227
121.52054595947 38.880256652832
121.52054595947 38.88024520874
121.52054595947 38.880237579346
121.52055358887 38.880226135254
121.52055358887 38.880218505859
121.52055358887 38.880210876465
121.52055358887 38.880199432373
121.52055358887 38.880191802979
121.52055358887 38.880184173584
121.52056121826 38.880172729492
121.52056121826 38.880165100098
121.52056121826 38.880157470703
121.52056121826 38.880146026611
121.52056884766 38.880138397217
121.52056884766 38.880130767822
121.52056884766 38.880123138428
121.52057647705 38.880111694336
121.52057647705 38.880104064941
121.52058410645 38.880096435547
121.52058410645 38.880084991455
121.52058410645 38.880077362061
121.52059173584 38.880069732666
121.52059936523 38.880062103271
121.52059936523 38.880054473877
121.52060699463 38.880046844482
121.52061462402 38.880039215088
121.52062225342 38.880031585693
121.52062988281 38.880023956299
121.52063751221 38.880020141602
121.5206451416 38.880012512207
121.52066040039 38.88000869751
121.52066802979 38.880004882812
121.52067565918 38.880001068115
121.52069091797 38.880001068115
121.52069854736 38.879997253418
121.52071380615 38.879997253418
121.52072143555 38.879997253418
121.52073669434 38.879997253418
121.52074432373 38.879993438721
121.52075958252 38.879993438721
121.52076721191 38.879989624023
121.5207824707 38.879989624023
121.5207901001 38.879985809326
121.52080535889 38.879985809326
121.52081298828 38.879981994629
121.52082824707 38.879981994629
121.52083587646 38.879981994629
121.52085113525 38.879978179932
121.52085876465 38.879978179932
121.52087402344 38.879978179932
121.52088165283 38.879978179932
121.52089691162 38.879978179932
121.52090454102 38.879978179932
121.5209197998 38.879978179932
121.5209274292 38.879978179932
121.52094268799 38.879981994629
121.52095031738 38.879981994629
121.52096557617 38.879981994629
121.52097320557 38.879981994629
121.52098846436 38.879981994629
121.52099609375 38.879981994629
121.52101135254 38.879985809326
121.52101898193 38.879985809326
121.52103424072 38.879985809326
121.52104949951 38.879985809326
121.52105712891 38.879985809326
121.5210723877 38.879985809326
121.52108001709 38.879985809326
121.52109527588 38.879985809326
121.52110290527 38.879989624023
121.52111816406 38.879989624023
121.52112579346 38.879985809326
121.52114105225 38.879985809326
121.52114868164 38.879985809326
121.52116394043 38.879985809326
121.52117156982 38.879985809326
121.52118682861 38.879985809326
121.52119445801 38.879985809326
121.5212097168 38.879985809326
121.52121734619 38.879985809326
121.52123260498 38.879985809326
121.52124023438 38.879981994629
121.52125549316 38.879981994629
121.52126312256 38.879981994629
121.52127838135 38.879981994629
121.52128601074 38.879981994629
121.52130126953 38.879981994629
121.52130889893 38.879978179932
121.52132415771 38.879978179932
121.52133178711 38.879978179932
121.5213470459 38.879978179932
121.52135467529 38.879978179932
121.52136993408 38.879978179932
121.52137756348 38.879978179932
121.52139282227 38.879978179932
121.52140045166 38.879978179932
121.52141571045 38.879978179932
121.52142333984 38.879978179932
121.52143859863 38.879978179932
121.52144622803 38.879978179932
121.52146148682 38.879978179932
121.52146911621 38.879978179932
121.521484375 38.879978179932
121.52149200439 38.879974365234
121.52150726318 38.879978179932
121.52151489258 38.879978179932
121.52153015137 38.879978179932
121.52153778076 38.879978179932
121.52155303955 38.879978179932
121.52156066895 38.879978179932
121.52157592773 38.879981994629
121.52158355713 38.879981994629
121.52159881592 38.879981994629
121.52160644531 38.879981994629
121.5216217041 38.879981994629
121.5216293335 38.879981994629
121.52164459229 38.879985809326
121.52165222168 38.879985809326
121.52166748047 38.879985809326
121.52167510986 38.879985809326
121.52169036865 38.879985809326
121.52169799805 38.879985809326
121.52171325684 38.879985809326
121.52172088623 38.879989624023
121.52173614502 38.879989624023
121.52174377441 38.879989624023
121.5217590332 38.879989624023
121.5217666626 38.879989624023
121.52178192139 38.879989624023
121.52178955078 38.879989624023
121.52180480957 38.879989624023
121.52181243896 38.879989624023
121.52182769775 38.879989624023
121.52184295654 38.879989624023
121.52185058594 38.879989624023
121.52186584473 38.879989624023
121.52187347412 38.879989624023
121.52188873291 38.879989624023
121.5218963623 38.879989624023
121.52191162109 38.879989624023
121.52191925049 38.879989624023
121.52193450928 38.879989624023
121.52194213867 38.879989624023
121.52195739746 38.879989624023
121.52196502686 38.879989624023
121.52198028564 38.879989624023
121.52198791504 38.879989624023
121.52200317383 38.879989624023
121.52201080322 38.879989624023
121.52202606201 38.879989624023
121.52203369141 38.879989624023
121.5220489502 38.879989624023
121.52205657959 38.879989624023
121.52207183838 38.879989624023
121.52207946777 38.879993438721
121.52209472656 38.879993438721
121.52210235596 38.879993438721
121.52211761475 38.879993438721
121.52212524414 38.879993438721
121.52214050293 38.879993438721
121.52214813232 38.879993438721
121.52216339111 38.879993438721
121.52217102051 38.879993438721
121.5221862793 38.879993438721
121.52219390869 38.879993438721
121.52220916748 38.879993438721
121.52221679688 38.879993438721
121.52223205566 38.879993438721
121.52223968506 38.879993438721
121.52225494385 38.879993438721
121.52226257324 38.879993438721
121.52227783203 38.879993438721
121.52228546143 38.879997253418
121.52230072021 38.879997253418
121.52230834961 38.879997253418
121.5223236084 38.879997253418
121.52233123779 38.880001068115
121.52234649658 38.880001068115
121.52235412598 38.880004882812
121.52236938477 38.880004882812
121.52237701416 38.88000869751
121.52239227295 38.88000869751
121.52239990234 38.880012512207
121.52241516113 38.880016326904
121.52242279053 38.880020141602
121.52243041992 38.880020141602
121.52244567871 38.880023956299
121.52245330811 38.880023956299
121.52246856689 38.880027770996
121.52247619629 38.880027770996
121.52249145508 38.880027770996
121.52249908447 38.880031585693
121.52251434326 38.880031585693
121.52252197266 38.880031585693
121.52253723145 38.880031585693
121.52254486084 38.880031585693
121.52256011963 38.880031585693
121.52256774902 38.880027770996
121.52258300781 38.880027770996
121.52259063721 38.880027770996
121.522605896 38.880027770996
121.52261352539 38.880027770996
121.52262878418 38.880027770996
121.52263641357 38.880027770996
121.52263641357 38.880027770996
121.52265167236 38.880027770996
121.52265930176 38.880020141602
121.52266693115 38.880016326904
121.52268218994 38.880020141602
121.52268981934 38.880016326904
121.52270507812 38.880016326904
121.52271270752 38.880016326904
121.52272796631 38.880012512207
121.5227355957 38.880012512207
121.52275085449 38.880012512207
121.52275848389 38.88000869751
121.52277374268 38.88000869751
121.52278137207 38.88000869751
121.52279663086 38.88000869751
121.52280426025 38.88000869751
121.52281951904 38.88000869751
121.52282714844 38.88000869751
121.52284240723 38.88000869751
121.52285003662 38.88000869751
121.52286529541 38.88000869751
121.5228729248 38.88000869751
121.52288818359 38.88000869751
121.52289581299 38.88000869751
121.52291107178 38.880012512207
121.52291870117 38.880012512207
121.52293395996 38.880012512207
121.52294158936 38.880012512207
121.52295684814 38.880012512207
121.52296447754 38.880012512207
121.52297973633 38.880012512207
121.52298736572 38.880012512207
121.52300262451 38.880012512207
121.52301025391 38.880012512207
121.5230255127 38.880012512207
121.52303314209 38.880012512207
121.52304840088 38.880016326904
121.52305603027 38.880016326904
121.52307128906 38.880016326904
121.52307891846 38.880016326904
121.52309417725 38.880016326904
121.52310180664 38.880016326904
121.52311706543 38.880016326904
121.52312469482 38.880016326904
121.52313995361 38.880012512207
121.52314758301 38.880012512207
121.5231628418 38.88000869751
121.52317047119 38.880001068115
121.52317810059 38.879997253418
121.52318572998 38.879989624023
121.52319335938 38.879981994629
121.52319335938 38.879970550537
121.52320098877 38.879962921143
121.52320861816 38.879959106445
121.52320861816 38.879959106445
121.52320861816 38.879955291748
121.52320861816 38.879951477051
121.52320861816 38.879947662354
121.52320861816 38.879947662354
121.52321624756 38.879943847656
121.52321624756 38.879940032959
121.52321624756 38.879940032959
121.52321624756 38.879932403564
121.52321624756 38.87992477417
121.52322387695 38.879917144775
121.52322387695 38.879905700684
121.52322387695 38.879898071289
121.52322387695 38.879886627197
121.52322387695 38.879875183105
121.52321624756 38.879867553711
121.52321624756 38.879852294922
121.52320861816 38.87984085083
121.52320861816 38.879829406738
121.52320098877 38.879814147949
121.52319335938 38.879802703857
121.52320098877 38.879806518555
121.52320861816 38.879806518555
121.52320861816 38.87979888916
121.52320098877 38.879791259766
121.52320098877 38.879779815674
121.52320098877 38.879772186279
121.52320098877 38.879764556885
121.52320098877 38.879753112793
121.52320098877 38.879741668701
121.52320098877 38.879734039307
121.52320098877 38.879722595215
121.52320098877 38.879718780518
121.52320098877 38.879711151123
121.52320098877 38.879699707031
121.52320098877 38.879688262939
121.52320098877 38.879676818848
121.52320861816 38.879669189453
121.52320861816 38.879661560059
121.52322387695 38.879661560059
121.52323150635 38.879650115967
121.52322387695 38.87964630127
121.52322387695 38.879638671875
121.52323150635 38.879627227783
121.52323150635 38.879615783691
121.52323150635 38.879608154297
121.52323150635 38.879596710205
121.52323150635 38.879589080811
121.52323913574 38.879577636719
121.52323913574 38.879570007324
121.52323913574 38.87956237793
121.52323913574 38.879554748535
121.52324676514 38.879547119141
121.52323913574 38.879535675049
121.52323913574 38.879528045654
121.52323913574 38.87952041626
121.52323913574 38.879508972168
121.52323913574 38.879497528076
121.52323913574 38.879489898682
121.52323913574 38.879482269287
121.52323913574 38.879474639893
121.52323913574 38.879467010498
121.52323913574 38.879459381104
121.52323913574 38.879455566406
121.52323913574 38.879444122314
121.52323913574 38.87943649292
121.52323913574 38.879428863525
121.52324676514 38.879421234131
121.52324676514 38.879409790039
121.52324676514 38.879402160645
121.52323913574 38.87939453125
121.52324676514 38.879383087158
121.52324676514 38.879371643066
121.52324676514 38.879364013672
121.52324676514 38.879356384277
121.52324676514 38.879344940186
121.52324676514 38.879341125488
121.52324676514 38.879333496094
121.52324676514 38.879322052002
121.52324676514 38.879314422607
121.52324676514 38.879302978516
121.52324676514 38.879295349121
121.52325439453 38.879283905029
121.52325439453 38.879276275635
121.52325439453 38.87926864624
121.52326202393 38.879261016846
121.52326965332 38.879253387451
121.52326965332 38.879245758057
121.52327728271 38.879241943359
121.5232925415 38.879234313965
121.5233001709 38.879230499268
121.52330780029 38.87922668457
121.52332305908 38.879222869873
121.52333068848 38.879222869873
121.52334594727 38.879219055176
121.52335357666 38.879215240479
121.52336120605 38.879211425781
121.52337646484 38.879211425781
121.52338409424 38.879211425781
121.52339935303 38.879211425781
121.52340698242 38.879211425781
121.52341461182 38.879211425781
121.52342224121 38.879211425781
121.52342987061 38.879211425781
121.5234375 38.879211425781
121.52345275879 38.879207611084
121.52346038818 38.879207611084
121.52347564697 38.879207611084
121.52348327637 38.879207611084
121.52349853516 38.879207611084
121.52350616455 38.879203796387
121.52352142334 38.879203796387
121.52352905273 38.879203796387
121.52354431152 38.879203796387
121.52355194092 38.879199981689
121.52355957031 38.879196166992
121.5235748291 38.879196166992
121.52359008789 38.879192352295
121.52359771729 38.879192352295
121.52361297607 38.879192352295
121.52362060547 38.879192352295
121.52363586426 38.879188537598
121.52365112305 38.879188537598
121.52365875244 38.879188537598
121.52366638184 38.879192352295
121.52368164062 38.879192352295
121.52369689941 38.879192352295
121.52370452881 38.879196166992
121.5237197876 38.879196166992
121.52373504639 38.879196166992
121.52374267578 38.879196166992
121.52375030518 38.879192352295
121.52375793457 38.879192352295
121.52377319336 38.879192352295
121.52378845215 38.879192352295
121.52379608154 38.879192352295
121.52381134033 38.879192352295
121.52381896973 38.879192352295
121.52383422852 38.879192352295
121.52384185791 38.879192352295
121.5238494873 38.879196166992
121.52386474609 38.879192352295
121.52388000488 38.879192352295
121.52388763428 38.879192352295
121.52390289307 38.879192352295
121.52391052246 38.879192352295
121.52392578125 38.879196166992
121.52393341064 38.879196166992
121.52394866943 38.879196166992
121.52395629883 38.879199981689
121.52397155762 38.879199981689
121.52397918701 38.879199981689
121.52398681641 38.879203796387
121.5240020752 38.879203796387
121.52401733398 38.879203796387
121.52402496338 38.879207611084
121.52404022217 38.879207611084
121.52404785156 38.879207611084
121.52406311035 38.879207611084
121.52407073975 38.879211425781
121.52408599854 38.879211425781
121.52409362793 38.879207611084
121.52410125732 38.879211425781
121.52411651611 38.879207611084
121.5241317749 38.879211425781
121.5241394043 38.879207611084
121.52414703369 38.879207611084
121.52416229248 38.879207611084
121.52416992188 38.879207611084
121.52418518066 38.879211425781
121.52419281006 38.879211425781
121.52420806885 38.879215240479
121.52421569824 38.879215240479
121.52422332764 38.879219055176
121.52423858643 38.879222869873
121.52425384521 38.879222869873
121.52426147461 38.879222869873
121.524269104 38.87922668457
121.52428436279 38.87922668457
121.52429199219 38.87922668457
121.52430725098 38.87922668457
121.52432250977 38.87922668457
121.52433013916 38.879230499268
121.52433776855 38.879230499268
121.52435302734 38.879230499268
121.52436065674 38.879230499268
121.52437591553 38.879230499268
121.52438354492 38.879230499268
121.52439880371 38.879230499268
121.52440643311 38.879230499268
121.52442169189 38.879230499268
121.52442932129 38.879234313965
121.52444458008 38.879234313965
121.52445220947 38.879234313965
121.52445983887 38.879234313965
121.52447509766 38.879234313965
121.52448272705 38.879234313965
121.52449798584 38.879230499268
121.52450561523 38.879230499268
121.52452087402 38.879230499268
121.52452850342 38.879230499268
121.52454376221 38.879230499268
121.5245513916 38.879230499268
121.524559021 38.879230499268
121.52457427979 38.879230499268
121.52458190918 38.879230499268
121.52459716797 38.879234313965
121.52460479736 38.879234313965
121.52462005615 38.879234313965
121.52462768555 38.879238128662
121.52464294434 38.879234313965
121.52465057373 38.879234313965
121.52465820312 38.879238128662
121.52467346191 38.879238128662
121.52468109131 38.879238128662
121.5246963501 38.879238128662
121.52470397949 38.879238128662
121.52471160889 38.879238128662
121.52472686768 38.879241943359
121.52473449707 38.879245758057
121.52474975586 38.879245758057
121.52475738525 38.879249572754
121.52477264404 38.879253387451
121.52478027344 38.879257202148
121.52478790283 38.879261016846
121.52479553223 38.879264831543
121.52481079102 38.87926864624
121.52481842041 38.879276275635
121.5248260498 38.879280090332
121.5248336792 38.879287719727
121.5248336792 38.879295349121
121.52484130859 38.879306793213
121.52484130859 38.879314422607
121.52484893799 38.879322052002
121.52485656738 38.879329681396
121.52485656738 38.879341125488
121.52486419678 38.879348754883
121.52486419678 38.879356384277
121.52487182617 38.879364013672
121.52487945557 38.879375457764
121.52487945557 38.879383087158
121.52487182617 38.87939453125
121.52487182617 38.879402160645
121.52487182617 38.879409790039
121.52487182617 38.879417419434
121.52487182617 38.879425048828
121.52487182617 38.879440307617
121.52487182617 38.879447937012
121.52487182617 38.879455566406
121.52487182617 38.879467010498
121.52487182617 38.879470825195
121.52487182617 38.87947845459
121.52487182617 38.879486083984
121.52487182617 38.879497528076
121.52487182617 38.879501342773
121.52487182617 38.879512786865
121.52487182617 38.87952041626
121.52487182617 38.879535675049
121.52487182617 38.879543304443
121.52487182617 38.879554748535
121.52487182617 38.879558563232
121.52487182617 38.879570007324
121.52487182617 38.879581451416
121.52486419678 38.879585266113
121.52486419678 38.879596710205
121.52487182617 38.8796043396
121.52487182617 38.879615783691
121.52486419678 38.879623413086
121.52486419678 38.87963104248
121.52486419678 38.879634857178
121.52486419678 38.879642486572
121.52486419678 38.879650115967
121.52486419678 38.879661560059
121.52486419678 38.879669189453
121.52486419678 38.879680633545
121.52486419678 38.879688262939
121.52486419678 38.879695892334
121.52487182617 38.879707336426
121.52487182617 38.87971496582
121.52487182617 38.879722595215
121.52487182617 38.879730224609
121.52487182617 38.879741668701
121.52487182617 38.879749298096
121.52487182617 38.879760742188
121.52487182617 38.879768371582
121.52487182617 38.879776000977
121.52486419678 38.879787445068
121.52487182617 38.879795074463
121.52487182617 38.879806518555
121.52487182617 38.879814147949
121.52486419678 38.879817962646
121.52486419678 38.879829406738
121.52486419678 38.879837036133
121.52487182617 38.879844665527
121.52487182617 38.879852294922
121.52487182617 38.879859924316
121.52487182617 38.879871368408
121.52486419678 38.879878997803
121.52486419678 38.879886627197
121.52485656738 38.879886627197
121.52485656738 38.879898071289
121.52485656738 38.879905700684
121.52485656738 38.879917144775
121.52484893799 38.879928588867
121.52484893799 38.879936218262
121.52484130859 38.879932403564
121.5248336792 38.879932403564
121.5248336792 38.879936218262
121.5248336792 38.879940032959
121.5248336792 38.879947662354
121.5248336792 38.879955291748
121.5248336792 38.87996673584
121.5248336792 38.879974365234
121.52484893799 38.880001068115
121.52485656738 38.880012512207
121.52485656738 38.880023956299
121.52485656738 38.880031585693
121.52485656738 38.880039215088
121.52485656738 38.88005065918
121.52484893799 38.880062103271
121.52484130859 38.880069732666
121.52484130859 38.880077362061
121.5248336792 38.880084991455
121.5248260498 38.880088806152
121.52481842041 38.880096435547
121.52480316162 38.880100250244
121.52479553223 38.880100250244
121.52478790283 38.880096435547
121.52478027344 38.88009262085
121.52478790283 38.88009262085
121.52477264404 38.88009262085
121.52476501465 38.88009262085
121.52474975586 38.880088806152
121.52474212646 38.880088806152
121.52472686768 38.880088806152
121.52471923828 38.880088806152
121.52470397949 38.880088806152
121.5246963501 38.880088806152
121.52468109131 38.880088806152
121.52468109131 38.880088806152
121.52467346191 38.880088806152
121.52466583252 38.88009262085
121.52466583252 38.88009262085
121.52466583252 38.88009262085
121.52465820312 38.880096435547
121.52465820312 38.880096435547
121.52465820312 38.880096435547
121.52465057373 38.880096435547
121.52465057373 38.880096435547
121.52464294434 38.880096435547
121.52463531494 38.880096435547
121.52463531494 38.880096435547
121.52463531494 38.880096435547
121.52462768555 38.880096435547
121.52462768555 38.880096435547
121.52462005615 38.880096435547
121.52461242676 38.880096435547
121.52460479736 38.880096435547
121.52458953857 38.880096435547
121.52458190918 38.880096435547
121.52456665039 38.880096435547
121.524559021 38.880096435547
121.52454376221 38.880096435547
121.52453613281 38.880096435547
121.52452087402 38.880096435547
121.52450561523 38.880096435547
121.52449798584 38.880096435547
121.52449035645 38.88009262085
121.52447509766 38.88009262085
121.52446746826 38.88009262085
121.52445220947 38.88009262085
121.52444458008 38.88009262085
121.52442932129 38.88009262085
121.52442169189 38.88009262085
121.52440643311 38.88009262085
121.52439880371 38.88009262085
121.52438354492 38.88009262085
121.52437591553 38.880088806152
121.52436065674 38.880088806152
121.52435302734 38.880088806152
121.52433776855 38.880088806152
121.52433013916 38.880088806152
121.52431488037 38.880088806152
121.52430725098 38.880088806152
121.52429199219 38.88009262085
121.5242767334 38.88009262085
121.524269104 38.88009262085
121.52426147461 38.88009262085
121.52424621582 38.880088806152
121.52423095703 38.880088806152
121.52422332764 38.880088806152
121.52421569824 38.880088806152
121.52420043945 38.880088806152
121.52418518066 38.880088806152
121.52417755127 38.880088806152
121.52416992188 38.880088806152
121.52415466309 38.880088806152
121.52414703369 38.880088806152
121.5241317749 38.880088806152
121.52411651611 38.880088806152
121.52410888672 38.880088806152
121.52409362793 38.880088806152
121.52408599854 38.880084991455
121.52407073975 38.880084991455
121.52406311035 38.880081176758
121.52404785156 38.880084991455
121.52404022217 38.880084991455
121.52402496338 38.880084991455
121.52401733398 38.880084991455
121.5240020752 38.880084991455
121.5239944458 38.880081176758
121.52397918701 38.880081176758
121.52397155762 38.880081176758
121.52395629883 38.880081176758
121.52394866943 38.880081176758
121.52393341064 38.880081176758
121.52392578125 38.880081176758
121.52391052246 38.880081176758
121.52390289307 38.880081176758
121.52388763428 38.880081176758
121.52388000488 38.880081176758
121.52386474609 38.880081176758
121.5238571167 38.880081176758
121.52384185791 38.880081176758
121.52383422852 38.880081176758
121.52381896973 38.880077362061
121.52381134033 38.880077362061
121.52379608154 38.880077362061
121.52378845215 38.880077362061
121.52377319336 38.880077362061
121.52376556396 38.880077362061
121.52375030518 38.880073547363
121.52374267578 38.880073547363
121.52372741699 38.880073547363
121.5237197876 38.880073547363
121.52370452881 38.880073547363
121.52369689941 38.880073547363
121.52368164062 38.880073547363
121.52367401123 38.880069732666
121.52365875244 38.880065917969
121.52364349365 38.880065917969
121.52362823486 38.880065917969
121.52362060547 38.880065917969
121.52361297607 38.880065917969
121.52359771729 38.880069732666
121.52359008789 38.880069732666
121.5235748291 38.880073547363
121.52356719971 38.880073547363
121.52355957031 38.880077362061
121.52355194092 38.880077362061
121.52354431152 38.880077362061
121.52352905273 38.880077362061
121.52352142334 38.880077362061
121.52350616455 38.880077362061
121.52349853516 38.880077362061
121.52348327637 38.880077362061
121.52346801758 38.880077362061
121.52346038818 38.880077362061
121.52345275879 38.880077362061
121.5234375 38.880077362061
121.52342987061 38.880073547363
121.52341461182 38.880073547363
121.52340698242 38.880069732666
121.52339172363 38.880069732666
121.52337646484 38.880069732666
121.52336883545 38.880069732666
121.52335357666 38.880069732666
121.52334594727 38.880069732666
121.52333068848 38.880069732666
121.52332305908 38.880065917969
121.52331542969 38.880062103271
121.5233001709 38.880062103271
121.5232925415 38.880054473877
121.52328491211 38.88005065918
121.52326965332 38.880046844482
121.52326202393 38.880039215088
121.52325439453 38.880035400391
121.52324676514 38.880027770996
121.52323913574 38.880023956299
121.52323150635 38.880016326904
121.52323150635 38.88000869751
121.52323150635 38.879997253418
121.52322387695 38.879989624023
121.52322387695 38.879978179932
121.52322387695 38.879970550537
121.52322387695 38.879962921143
121.52323150635 38.879955291748
121.52323150635 38.879951477051
121.52323150635 38.879947662354
121.52323150635 38.879943847656
121.52323150635 38.879940032959
121.52323150635 38.879936218262
121.52323150635 38.879928588867
121.52323150635 38.879920959473
121.52323913574 38.879909515381
121.52323913574 38.879901885986
121.52323913574 38.879890441895
121.52323913574 38.8798828125
121.52323150635 38.879875183105
121.52323150635 38.879863739014
121.52323150635 38.879852294922
121.52323150635 38.879844665527
121.52323150635 38.879833221436
121.52322387695 38.879825592041
121.52322387695 38.879817962646
121.52321624756 38.879806518555
121.52321624756 38.87979888916
121.52321624756 38.879791259766
121.52321624756 38.879783630371
121.52322387695 38.879776000977
121.52321624756 38.879768371582
121.52321624756 38.87975692749
121.52321624756 38.879749298096
121.52321624756 38.879741668701
121.52321624756 38.879730224609
121.52321624756 38.879718780518
121.52321624756 38.879711151123
121.52321624756 38.879703521729
121.52321624756 38.879692077637
121.52321624756 38.879688262939
121.52321624756 38.879676818848
121.52321624756 38.879669189453
121.52321624756 38.879661560059
121.52322387695 38.879653930664
121.52322387695 38.87964630127
121.52322387695 38.879634857178
121.52322387695 38.879627227783
121.52323150635 38.879615783691
121.52323150635 38.879608154297
121.52323150635 38.879596710205
121.52323913574 38.879589080811
121.52324676514 38.879585266113
121.52324676514 38.879581451416
121.52325439453 38.879577636719
121.52326202393 38.879570007324
121.52326202393 38.879558563232
121.52326202393 38.879550933838
121.52326202393 38.879539489746
121.52325439453 38.879531860352
121.52325439453 38.879524230957
121.52325439453 38.879512786865
121.52325439453 38.879505157471
121.52325439453 38.879501342773
121.52325439453 38.879493713379
121.52325439453 38.879482269287
121.52325439453 38.879474639893
121.52325439453 38.879467010498
121.52325439453 38.879455566406
121.52325439453 38.879447937012
121.52325439453 38.879440307617
121.52325439453 38.879428863525
121.52325439453 38.879421234131
121.52325439453 38.879413604736
121.52325439453 38.879405975342
121.52324676514 38.879398345947
121.52324676514 38.879386901855
121.52324676514 38.879379272461
121.52324676514 38.879375457764
121.52324676514 38.879364013672
121.52324676514 38.87935256958
121.52324676514 38.879341125488
121.52324676514 38.879333496094
121.52324676514 38.879325866699
121.52324676514 38.879314422607
121.52324676514 38.879306793213
121.52323913574 38.879299163818
121.52323913574 38.879291534424
121.52323913574 38.879280090332
121.52323150635 38.879272460938
121.52323150635 38.879261016846
121.52322387695 38.879253387451
121.52321624756 38.879245758057
121.52320861816 38.879238128662
121.52319335938 38.879234313965
121.52317810059 38.879234313965
121.52317047119 38.879230499268
121.5231628418 38.879234313965
121.52314758301 38.879234313965
121.52313995361 38.879241943359
121.52312469482 38.879241943359
121.52313232422 38.879241943359
121.52312469482 38.879241943359
121.52311706543 38.879241943359
121.52310943604 38.879245758057
121.52309417725 38.879245758057
121.52308654785 38.879245758057
121.52307128906 38.879249572754
121.52306365967 38.879245758057
121.52304840088 38.879245758057
121.52303314209 38.879245758057
121.5230255127 38.879241943359
121.52301025391 38.879241943359
121.52299499512 38.879238128662
121.52298736572 38.879238128662
121.52297210693 38.879234313965
121.52296447754 38.879234313965
121.52295684814 38.879234313965
121.52294158936 38.879230499268
121.52293395996 38.879230499268
121.52291870117 38.879230499268
121.52291107178 38.879230499268
121.52289581299 38.879230499268
121.52288818359 38.87922668457
121.5228729248 38.87922668457
121.52285766602 38.87922668457
121.52285003662 38.87922668457
121.52284240723 38.879222869873
121.52282714844 38.879222869873
121.52281951904 38.879222869873
121.52280426025 38.879219055176
121.52279663086 38.879219055176
121.52278900146 38.879215240479
121.52277374268 38.879211425781
121.52275085449 38.879199981689
121.5227432251 38.879199981689
121.52272033691 38.879192352295
121.52270507812 38.879188537598
121.52269744873 38.8791847229
121.52268218994 38.8791847229
121.52267456055 38.879180908203
121.52265930176 38.879180908203
121.52264404297 38.879177093506
121.52263641357 38.879177093506
121.52262115479 38.879180908203
121.52261352539 38.879180908203
121.522605896 38.879180908203
121.52259063721 38.879180908203
121.52258300781 38.879177093506
121.52256774902 38.879177093506
121.52256011963 38.879180908203
121.52254486084 38.879180908203
121.52252960205 38.879180908203
121.52252197266 38.879180908203
121.52250671387 38.8791847229
121.52249908447 38.8791847229
121.52248382568 38.8791847229
121.52247619629 38.879188537598
121.5224609375 38.879188537598
121.52245330811 38.879192352295
121.52243804932 38.879192352295
121.52243041992 38.879192352295
121.52242279053 38.879196166992
121.52240753174 38.879199981689
121.52239990234 38.879199981689
121.52238464355 38.879207611084
121.52236938477 38.879207611084
121.52236175537 38.879207611084
121.52234649658 38.879207611084
121.52233886719 38.879211425781
121.5223236084 38.879207611084
121.522315979 38.879207611084
121.52230072021 38.879207611084
121.52229309082 38.879207611084
121.52227783203 38.879207611084
121.52227020264 38.879207611084
121.52225494385 38.879207611084
121.52224731445 38.879207611084
121.52223205566 38.879207611084
121.52222442627 38.879207611084
121.52220916748 38.879207611084
121.52220153809 38.879207611084
121.5221862793 38.879207611084
121.5221786499 38.879207611084
121.52217102051 38.879211425781
121.52215576172 38.879211425781
121.52214813232 38.879211425781
121.52213287354 38.879207611084
121.52212524414 38.879207611084
121.52210998535 38.879207611084
121.52210235596 38.879203796387
121.52208709717 38.879203796387
121.52207946777 38.879203796387
121.52206420898 38.879203796387
121.52205657959 38.879203796387
121.5220413208 38.879203796387
121.52203369141 38.879203796387
121.52202606201 38.879203796387
121.52201080322 38.879203796387
121.52200317383 38.879203796387
121.52198791504 38.879203796387
121.52198028564 38.879203796387
121.52196502686 38.879207611084
121.52195739746 38.879203796387
121.52194976807 38.879203796387
121.52193450928 38.879203796387
121.52192687988 38.879203796387
121.52191162109 38.879199981689
121.5218963623 38.879199981689
121.52188873291 38.879199981689
121.52188110352 38.879199981689
121.52186584473 38.879199981689
121.52185821533 38.879199981689
121.52184295654 38.879196166992
121.52183532715 38.879196166992
121.52182006836 38.879196166992
121.52181243896 38.879196166992
121.52180480957 38.879196166992
121.52178955078 38.879199981689
121.52178192139 38.879199981689
121.5217666626 38.879199981689
121.5217590332 38.879199981689
121.52174377441 38.879203796387
121.52173614502 38.879203796387
121.52172088623 38.879203796387
121.52171325684 38.879203796387
121.52169799805 38.879203796387
121.52169036865 38.879203796387
121.52167510986 38.879207611084
121.52166748047 38.879207611084
121.52165222168 38.879203796387
121.52164459229 38.879203796387
121.5216293335 38.879203796387
121.5216217041 38.879203796387
121.52161407471 38.879203796387
121.52159881592 38.879203796387
121.52159118652 38.879207611084
121.52157592773 38.879211425781
121.52156829834 38.879219055176
121.52156066895 38.87922668457
121.52156066895 38.879234313965
121.52155303955 38.879241943359
121.52155303955 38.879253387451
121.52155303955 38.879261016846
121.52155303955 38.879272460938
121.52155303955 38.879280090332
121.52155303955 38.879287719727
121.52155303955 38.879299163818
121.52155303955 38.879306793213
121.52156066895 38.879314422607
121.52156066895 38.879325866699
121.52156829834 38.879333496094
121.52156829834 38.879344940186
121.52156829834 38.87935256958
121.52156829834 38.879360198975
121.52156066895 38.879371643066
121.52156066895 38.879379272461
121.52156066895 38.879390716553
121.52156066895 38.879402160645
121.52155303955 38.879405975342
121.52155303955 38.879409790039
121.52155303955 38.879417419434
121.52154541016 38.879425048828
121.52154541016 38.879432678223
121.52154541016 38.879444122314
121.52154541016 38.879451751709
121.52154541016 38.879463195801
121.52153778076 38.879470825195
121.52153778076 38.879482269287
121.52153778076 38.879489898682
121.52153778076 38.879493713379
121.52153778076 38.879505157471
121.52153015137 38.879512786865
121.52153778076 38.87952041626
121.52153778076 38.879531860352
121.52153778076 38.879543304443
121.52153778076 38.879550933838
121.52153778076 38.87956237793
121.52153778076 38.879570007324
121.52153778076 38.879577636719
121.52154541016 38.879589080811
121.52153778076 38.879596710205
121.52153778076 38.879608154297
121.52153778076 38.879611968994
121.52153778076 38.879623413086
121.52153778076 38.879634857178
121.52153778076 38.879642486572
121.52153778076 38.879653930664
121.52153778076 38.879661560059
121.52153778076 38.87967300415
121.52153778076 38.879680633545
121.52153778076 38.879692077637
121.52153778076 38.879699707031
121.52153778076 38.879707336426
121.52153778076 38.87971496582
121.52153778076 38.879722595215
121.52154541016 38.879730224609
121.52154541016 38.879737854004
121.52153778076 38.879749298096
121.52153015137 38.879764556885
121.52153778076 38.879772186279
121.52153015137 38.879779815674
121.52153778076 38.879791259766
121.52153778076 38.87979888916
121.52153015137 38.879810333252
121.52153015137 38.879817962646
121.52153015137 38.879825592041
121.52153778076 38.879833221436
121.52153778076 38.879844665527
121.52153015137 38.879852294922
121.52153015137 38.879859924316
121.52153015137 38.879867553711
121.52153015137 38.879878997803
121.52153015137 38.879886627197
121.52153015137 38.879894256592
121.52153015137 38.879901885986
121.52152252197 38.879913330078
121.52152252197 38.87992477417
121.52152252197 38.879932403564
121.52153015137 38.879943847656
121.52153015137 38.879947662354
121.52153778076 38.879955291748
121.52154541016 38.879962921143
121.52156066895 38.87996673584
121.52156829834 38.879970550537
121.52157592773 38.879978179932
121.52159118652 38.879978179932
121.52159881592 38.879981994629
121.52161407471 38.879985809326
121.5216217041 38.879985809326
121.5216293335 38.879989624023
121.52164459229 38.879989624023
121.52165222168 38.879993438721
121.52166748047 38.879993438721
121.52168273926 38.879993438721
121.52169036865 38.879993438721
121.52169799805 38.879989624023
121.52171325684 38.879989624023
121.52172088623 38.879993438721
121.52173614502 38.879989624023
121.52174377441 38.879989624023
121.5217590332 38.879993438721
121.5217666626 38.879989624023
121.52178192139 38.879989624023
121.52178955078 38.879989624023
121.52180480957 38.879989624023
121.52181243896 38.879989624023
121.52182769775 38.879993438721
121.52183532715 38.879993438721
121.52185058594 38.879993438721
121.52185821533 38.879993438721
121.52187347412 38.879993438721
121.52188110352 38.879993438721
121.5218963623 38.879993438721
121.5219039917 38.879993438721
121.52191925049 38.879993438721
121.52192687988 38.879993438721
121.52194213867 38.879993438721
121.52194976807 38.879993438721
121.52196502686 38.879989624023
121.52197265625 38.879989624023
121.52198791504 38.879989624023
121.52199554443 38.879989624023
121.52201080322 38.879989624023
121.52201843262 38.879989624023
121.52203369141 38.879989624023
121.5220413208 38.879993438721
121.52205657959 38.879993438721
121.52207183838 38.879997253418
121.52207946777 38.879993438721
121.52209472656 38.879993438721
121.52210235596 38.879997253418
121.52210998535 38.880001068115
121.52212524414 38.880001068115
121.52213287354 38.880004882812
121.52214813232 38.880004882812
121.52215576172 38.88000869751
121.52217102051 38.88000869751
121.5221786499 38.88000869751
121.52219390869 38.880012512207
121.52220153809 38.880012512207
121.52221679688 38.880016326904
121.52222442627 38.880020141602
121.52223205566 38.880023956299
121.52224731445 38.880027770996
121.52225494385 38.880027770996
121.52227020264 38.880031585693
121.52227783203 38.880031585693
121.52229309082 38.880035400391
121.52230072021 38.880039215088
121.52230834961 38.880043029785
121.522315979 38.88005065918
121.5223236084 38.880058288574
121.52233123779 38.880065917969
121.52233886719 38.880073547363
121.52233886719 38.880081176758
121.52234649658 38.880088806152
121.52234649658 38.880096435547
121.52235412598 38.880107879639
121.52235412598 38.880115509033
121.52235412598 38.880123138428
121.52235412598 38.880130767822
121.52235412598 38.880142211914
121.52235412598 38.880146026611
121.52235412598 38.880153656006
121.52235412598 38.880157470703
121.52235412598 38.8801612854
121.52235412598 38.880165100098
121.52236175537 38.880172729492
121.52236175537 38.880180358887
121.52236175537 38.880191802979
121.52236175537 38.880199432373
121.52236175537 38.880210876465
121.52236175537 38.880218505859
121.52236175537 38.880226135254
121.52236175537 38.880233764648
121.52235412598 38.880241394043
121.52235412598 38.880252838135
121.52235412598 38.880260467529
121.52235412598 38.880268096924
121.52235412598 38.880279541016
121.52236175537 38.88028717041
121.52236175537 38.880298614502
121.52236175537 38.880306243896
121.52236175537 38.880313873291
121.52236175537 38.880325317383
121.52236175537 38.880332946777
121.52236175537 38.880340576172
121.52236175537 38.880348205566
121.52236175537 38.880359649658
121.52236175537 38.880367279053
121.52235412598 38.880378723145
121.52235412598 38.880386352539
121.52235412598 38.880393981934
121.52235412598 38.880405426025
121.52235412598 38.88041305542
121.52235412598 38.880424499512
121.52235412598 38.880432128906
121.52235412598 38.880439758301
121.52235412598 38.880451202393
121.52235412598 38.880458831787
121.52235412598 38.880466461182
121.52235412598 38.880474090576
121.52235412598 38.880485534668
121.52236175537 38.880493164062
121.52236175537 38.880500793457
121.52236175537 38.880512237549
121.52236175537 38.880519866943
121.52236175537 38.880531311035
121.52236175537 38.88053894043
121.52236175537 38.880550384521
121.52236175537 38.880558013916
121.52236175537 38.880569458008
121.52236175537 38.880577087402
121.52236175537 38.880584716797
121.52236175537 38.880592346191
121.52236175537 38.880603790283
121.52236175537 38.880611419678
121.52236175537 38.880619049072
121.52235412598 38.880630493164
121.52235412598 38.880638122559
121.52236175537 38.88064956665
121.52236175537 38.880657196045
121.52236175537 38.880664825439
121.52235412598 38.880676269531
121.52235412598 38.880683898926
121.52234649658 38.88069152832
121.52234649658 38.880702972412
121.52234649658 38.880710601807
121.52233886719 38.880718231201
121.52233886719 38.880729675293
121.52233886719 38.880737304688
121.52233886719 38.880744934082
121.52233886719 38.880752563477
121.52233886719 38.880760192871
121.52233886719 38.880771636963
121.52233886719 38.880779266357
121.52233886719 38.880786895752
121.52233886719 38.880798339844
121.52233886719 38.880805969238
121.52233886719 38.880813598633
121.52233886719 38.880825042725
121.52234649658 38.880832672119
121.52234649658 38.880844116211
121.52234649658 38.880851745605
121.52234649658 38.880859375
121.52235412598 38.880870819092
121.52235412598 38.880878448486
121.52235412598 38.880889892578
121.52234649658 38.880897521973
121.52234649658 38.880905151367
121.52234649658 38.880916595459
121.52234649658 38.880924224854
121.52233886719 38.880931854248
121.52233886719 38.880939483643
121.52233886719 38.880950927734
121.52233886719 38.880958557129
121.52233886719 38.880970001221
121.52233886719 38.880977630615
121.52233886719 38.88098526001
121.52233886719 38.880992889404
121.52233886719 38.881004333496
121.52234649658 38.881011962891
121.52234649658 38.881023406982
121.52234649658 38.881031036377
121.52234649658 38.881038665771
121.52234649658 38.881050109863
121.52234649658 38.881057739258
121.52233886719 38.881065368652
121.52233886719 38.881076812744
121.52233886719 38.881084442139
121.52233886719 38.881092071533
121.52233886719 38.881103515625
121.52233886719 38.88111114502
121.52233886719 38.881118774414
121.52233123779 38.881130218506
121.52233123779 38.8811378479
121.52233123779 38.881145477295
121.52233123779 38.881156921387
121.52233123779 38.881164550781
121.52233123779 38.881172180176
121.52233123779 38.881183624268
121.52233123779 38.881191253662
121.52233123779 38.881202697754
121.52233123779 38.881210327148
121.52233123779 38.881217956543
121.52233123779 38.881225585938
121.52233123779 38.881237030029
121.52233123779 38.881244659424
121.52233123779 38.881252288818
121.52233123779 38.88126373291
121.52233123779 38.881271362305
121.52233123779 38.881278991699
121.52233123779 38.881290435791
121.5223236084 38.881298065186
121.5223236084 38.88130569458
121.5223236084 38.881317138672
121.5223236084 38.881324768066
121.522315979 38.881332397461
121.522315979 38.881343841553
121.522315979 38.881351470947
121.52230834961 38.881359100342
121.52230834961 38.881366729736
121.52230834961 38.881378173828
121.52230072021 38.881385803223
121.52230072021 38.881393432617
121.52230072021 38.881404876709
121.52230072021 38.881412506104
121.52230072021 38.881420135498
121.52230072021 38.88143157959
121.52229309082 38.881439208984
121.52229309082 38.881446838379
121.52229309082 38.881458282471
121.52229309082 38.881465911865
121.52230072021 38.88147354126
121.52230072021 38.881484985352
121.52230072021 38.881492614746
121.52230072021 38.881500244141
121.52230072021 38.881511688232
121.52229309082 38.881519317627
121.52229309082 38.881526947021
121.52228546143 38.881534576416
121.52227783203 38.881538391113
121.52227020264 38.881546020508
121.52226257324 38.881549835205
121.52225494385 38.8815574646
121.52224731445 38.881561279297
121.52223205566 38.881568908691
121.52222442627 38.881572723389
121.52221679688 38.881576538086
121.52220153809 38.881580352783
121.52219390869 38.881580352783
121.5221786499 38.881580352783
121.52217102051 38.88158416748
121.52215576172 38.88158416748
121.52214813232 38.88158416748
121.52213287354 38.88158416748
121.52212524414 38.88158416748
121.52210998535 38.88158416748
121.52210235596 38.88158416748
121.52208709717 38.88158416748
121.52207946777 38.88158416748
121.52206420898 38.88158416748
121.52205657959 38.88158416748
121.5220413208 38.88158416748
121.52203369141 38.881580352783
121.52201843262 38.881580352783
121.52201080322 38.881580352783
121.52199554443 38.881580352783
121.52198791504 38.881580352783
121.52197265625 38.881580352783
121.52196502686 38.881580352783
121.52194976807 38.881580352783
121.52194213867 38.881576538086
121.52192687988 38.881576538086
121.52191925049 38.881576538086
121.5219039917 38.881580352783
121.5218963623 38.881580352783
121.52188110352 38.881580352783
121.52187347412 38.881580352783
121.52185821533 38.881580352783
121.52185058594 38.881580352783
121.52183532715 38.881580352783
121.52182769775 38.881580352783
121.52181243896 38.881580352783
121.52180480957 38.881580352783
121.52178955078 38.881580352783
121.52178192139 38.881580352783
121.5217666626 38.881576538086
121.5217590332 38.881576538086
121.52174377441 38.881576538086
121.52173614502 38.881576538086
121.52172088623 38.881576538086
121.52171325684 38.881576538086
121.52169799805 38.881576538086
121.52169036865 38.881576538086
121.52167510986 38.881576538086
121.52166748047 38.881576538086
121.52165222168 38.881576538086
121.52163696289 38.881576538086
121.5216293335 38.881576538086
121.52161407471 38.881576538086
121.52160644531 38.881576538086
121.52159881592 38.881576538086
121.52158355713 38.881576538086
121.52157592773 38.881576538086
121.52156066895 38.881576538086
121.52154541016 38.881576538086
121.52153778076 38.881572723389
121.52153015137 38.881572723389
121.52151489258 38.881568908691
121.52150726318 38.881565093994
121.52149963379 38.881561279297
121.521484375 38.881553649902
121.52147674561 38.881549835205
121.52146911621 38.881546020508
121.52146148682 38.881538391113
121.52145385742 38.881530761719
121.52145385742 38.881523132324
121.52144622803 38.881511688232
121.52143859863 38.881504058838
121.52143859863 38.881496429443
121.52143096924 38.881488800049
121.52143096924 38.881481170654
121.52143096924 38.881469726562
121.52142333984 38.881462097168
121.52142333984 38.881454467773
121.52142333984 38.881443023682
121.52141571045 38.881435394287
121.52141571045 38.881427764893
121.52141571045 38.881416320801
121.52140808105 38.881408691406
121.52140808105 38.881401062012
121.52140808105 38.88138961792
121.52140808105 38.881381988525
121.52140808105 38.881374359131
121.52140808105 38.881362915039
121.52140808105 38.881355285645
121.52140808105 38.88134765625
121.52141571045 38.881336212158
121.52141571045 38.881328582764
121.52141571045 38.881320953369
121.52142333984 38.881309509277
121.52142333984 38.881301879883
121.52142333984 38.881294250488
121.52142333984 38.881282806396
121.52142333984 38.881275177002
121.52142333984 38.881267547607
121.52142333984 38.881256103516
121.52142333984 38.881248474121
121.52142333984 38.881237030029
121.52142333984 38.881229400635
121.52142333984 38.88122177124
121.52142333984 38.881210327148
121.52142333984 38.881202697754
121.52141571045 38.881195068359
121.52141571045 38.881183624268
121.52141571045 38.881175994873
121.52141571045 38.881168365479
121.52141571045 38.881156921387
121.52140808105 38.881149291992
121.52140808105 38.881141662598
121.52140808105 38.881130218506
121.52140808105 38.881122589111
121.52140808105 38.881114959717
121.52141571045 38.881103515625
121.52141571045 38.88109588623
121.52141571045 38.881088256836
121.52142333984 38.881080627441
121.52142333984 38.88106918335
121.52142333984 38.881061553955
121.52142333984 38.881050109863
121.52142333984 38.881042480469
121.52142333984 38.881034851074
121.52142333984 38.881023406982
121.52142333984 38.881015777588
121.52142333984 38.881004333496
121.52142333984 38.880996704102
121.52142333984 38.880989074707
121.52142333984 38.880977630615
121.52142333984 38.880970001221
121.52142333984 38.880962371826
121.52142333984 38.880950927734
121.52142333984 38.88094329834
121.52142333984 38.880935668945
121.52142333984 38.880924224854
121.52141571045 38.880916595459
121.52141571045 38.880908966064
121.52141571045 38.880897521973
121.52141571045 38.880889892578
121.52141571045 38.880882263184
121.52141571045 38.880874633789
121.52140808105 38.880863189697
121.52140808105 38.880855560303
121.52140045166 38.880844116211
121.52139282227 38.880836486816
121.52138519287 38.880832672119
121.52136993408 38.880832672119
121.52136230469 38.880832672119
121.5213470459 38.880828857422
121.5213394165 38.880828857422
121.52133178711 38.880828857422
121.52131652832 38.880825042725
121.52130126953 38.880825042725
121.52129364014 38.880825042725
121.52128601074 38.880821228027
121.52127075195 38.88081741333
121.52126312256 38.880813598633
121.52125549316 38.880805969238
121.52124786377 38.880805969238
121.52123260498 38.880809783936
121.52122497559 38.880809783936
121.5212097168 38.880809783936
121.5212020874 38.880809783936
121.52119445801 38.880809783936
121.52117919922 38.880813598633
121.52116394043 38.880809783936
121.52115631104 38.880809783936
121.52114105225 38.880809783936
121.52113342285 38.880809783936
121.52111816406 38.880813598633
121.52111053467 38.880813598633
121.52110290527 38.880813598633
121.52108764648 38.880813598633
121.52108001709 38.880813598633
121.5210647583 38.880813598633
121.52105712891 38.880813598633
121.52104187012 38.880809783936
121.52103424072 38.880813598633
121.52101898193 38.880813598633
121.52101135254 38.880809783936
121.52099609375 38.880813598633
121.52098846436 38.880813598633
121.52097320557 38.880813598633
121.52096557617 38.880813598633
121.52095031738 38.88081741333
121.52093505859 38.88081741333
121.5209274292 38.88081741333
121.52091217041 38.88081741333
121.52090454102 38.88081741333
121.52088928223 38.88081741333
121.52087402344 38.880821228027
121.52086639404 38.880821228027
121.52085113525 38.880821228027
121.52084350586 38.880821228027
121.52083587646 38.880821228027
121.52082061768 38.880821228027
121.52080535889 38.880821228027
121.52079772949 38.880821228027
121.5207901001 38.880821228027
121.52077484131 38.880825042725
121.52076721191 38.880825042725
121.52075195312 38.880825042725
121.52074432373 38.880825042725
121.52072906494 38.880825042725
121.52072143555 38.880825042725
121.52070617676 38.880825042725
121.52069091797 38.880825042725
121.52068328857 38.880821228027
121.52066802979 38.880821228027
121.52066040039 38.880821228027
121.5206451416 38.880821228027
121.52063751221 38.880821228027
121.52062225342 38.880821228027
121.52061462402 38.880821228027
121.52059936523 38.880821228027
121.52059173584 38.880825042725
121.52058410645 38.880832672119
121.52057647705 38.880840301514
121.52056884766 38.880847930908
121.52056884766 38.880859375
121.52056884766 38.880867004395
121.52056884766 38.880874633789
121.52056884766 38.880886077881
121.52056884766 38.880893707275
121.52056121826 38.88090133667
121.52056121826 38.880905151367
121.52056121826 38.880912780762
121.52056121826 38.880920410156
121.52056121826 38.880931854248
121.52056121826 38.880939483643
121.52056884766 38.880947113037
121.52056884766 38.880958557129
121.52056884766 38.880966186523
121.52056884766 38.880973815918
121.52057647705 38.880981445312
121.52057647705 38.880992889404
121.52057647705 38.881000518799
121.52057647705 38.881008148193
121.52056884766 38.881019592285
121.52056884766 38.88102722168
121.52056884766 38.881034851074
121.52057647705 38.881046295166
121.52057647705 38.881053924561
121.52057647705 38.881061553955
121.52056884766 38.881072998047
121.52057647705 38.881080627441
121.52057647705 38.881088256836
121.52057647705 38.88109588623
121.52057647705 38.881107330322
121.52057647705 38.881118774414
121.52057647705 38.881126403809
121.52057647705 38.881134033203
121.52056884766 38.881141662598
121.52056884766 38.881153106689
121.52056884766 38.881160736084
121.52056884766 38.881168365479
121.52056884766 38.88117980957
121.52056884766 38.881187438965
121.52056884766 38.881195068359
121.52056884766 38.881206512451
121.52056121826 38.881214141846
121.52056121826 38.88122177124
121.52056121826 38.881233215332
121.52056121826 38.881240844727
121.52056121826 38.881248474121
121.52056121826 38.881259918213
121.52056121826 38.881267547607
121.52056121826 38.881275177002
121.52055358887 38.881286621094
121.52055358887 38.881294250488
121.52055358887 38.88130569458
121.52055358887 38.881313323975
121.52055358887 38.881320953369
121.52055358887 38.881332397461
121.52055358887 38.881340026855
121.52055358887 38.881351470947
121.52055358887 38.881359100342
121.52055358887 38.881366729736
121.52055358887 38.881374359131
121.52055358887 38.881385803223
121.52055358887 38.881393432617
121.52055358887 38.881401062012
121.52055358887 38.881412506104
121.52055358887 38.881420135498
121.52056121826 38.88143157959
121.52056121826 38.881439208984
121.52056121826 38.881446838379
121.52056121826 38.881458282471
121.52056121826 38.881465911865
121.52056884766 38.88147354126
121.52056121826 38.881484985352
121.52056121826 38.881492614746
121.52056121826 38.881500244141
121.52056121826 38.881511688232
121.52056884766 38.881519317627
121.52057647705 38.881526947021
121.52057647705 38.881534576416
121.52059173584 38.881538391113
121.52060699463 38.881538391113
121.52061462402 38.881538391113
121.52062988281 38.881542205811
121.52063751221 38.881542205811
121.520652771 38.881542205811
121.52066040039 38.881538391113
121.52067565918 38.881538391113
121.52068328857 38.881538391113
121.52069091797 38.881538391113
121.52070617676 38.881534576416
121.52071380615 38.881534576416
121.52072906494 38.881534576416
121.52073669434 38.881534576416
121.52075195312 38.881534576416
121.52075958252 38.881538391113
121.52077484131 38.881538391113
121.5207824707 38.881538391113
121.52079772949 38.881538391113
121.52080535889 38.881538391113
121.52082061768 38.881538391113
121.52082824707 38.881538391113
121.52084350586 38.881538391113
121.52085113525 38.881538391113
121.52086639404 38.881538391113
121.52087402344 38.881538391113
121.52088928223 38.881538391113
121.52090454102 38.881538391113
121.52091217041 38.881538391113
121.5209274292 38.881538391113
121.52093505859 38.881538391113
121.52095031738 38.881538391113
121.52095794678 38.881538391113
121.52097320557 38.881542205811
121.52098083496 38.881542205811
121.52099609375 38.881542205811
121.52100372314 38.881542205811
121.52101898193 38.881542205811
121.52102661133 38.881542205811
121.52103424072 38.881542205811
121.52104949951 38.881542205811
121.5210647583 38.881542205811
121.5210723877 38.881542205811
121.52108764648 38.881542205811
121.52109527588 38.881546020508
121.52110290527 38.881542205811
121.52111816406 38.881542205811
121.52113342285 38.881542205811
121.52114105225 38.881542205811
121.52115631104 38.881542205811
121.52116394043 38.881542205811
121.52117156982 38.881542205811
121.52118682861 38.881542205811
121.5212020874 38.881542205811
121.5212097168 38.881542205811
121.52121734619 38.881546020508
121.52123260498 38.881546020508
121.52124023438 38.881549835205
121.52125549316 38.881549835205
121.52126312256 38.881546020508
121.52127838135 38.881542205811
121.52128601074 38.881538391113
121.52129364014 38.881534576416
121.52130126953 38.881526947021
121.52130889893 38.881523132324
121.52131652832 38.88151550293
121.52132415771 38.881507873535
121.52133178711 38.881500244141
121.5213394165 38.881492614746
121.5213470459 38.881488800049
121.52135467529 38.881481170654
121.52136230469 38.88147354126
121.52136230469 38.881462097168
121.52136993408 38.881454467773
121.52137756348 38.881446838379
121.52138519287 38.881439208984
121.52138519287 38.88143157959
121.52139282227 38.881423950195
121.52139282227 38.881416320801
121.52140045166 38.881404876709
121.52140045166 38.881397247314
121.52140045166 38.88138961792
121.52140045166 38.881378173828
121.52140045166 38.881370544434
121.52140808105 38.881362915039
121.52140808105 38.881355285645
121.52140808105 38.881343841553
121.52140808105 38.881336212158
121.52140808105 38.881328582764
121.52140808105 38.881317138672
121.52140808105 38.881309509277
121.52140808105 38.881301879883
121.52141571045 38.881290435791
121.52141571045 38.881282806396
121.52141571045 38.881275177002
121.52142333984 38.88126373291
121.52142333984 38.881256103516
121.52142333984 38.881248474121
121.52143096924 38.881237030029
121.52143096924 38.881229400635
121.52143096924 38.88122177124
121.52143096924 38.881210327148
121.52143859863 38.881202697754
121.52143859863 38.881191253662
121.52143859863 38.881183624268
121.52143859863 38.881175994873
121.52143859863 38.881168365479
121.52143859863 38.881156921387
121.52143859863 38.881149291992
121.52143859863 38.881141662598
121.52143859863 38.881130218506
121.52143859863 38.881122589111
121.52143859863 38.881114959717
121.52143859863 38.881103515625
121.52143859863 38.88109588623
121.52143096924 38.881088256836
121.52143096924 38.881076812744
121.52143096924 38.88106918335
121.52143096924 38.881061553955
121.52142333984 38.881050109863
121.52142333984 38.881042480469
121.52142333984 38.881031036377
121.52141571045 38.881023406982
121.52141571045 38.881015777588
121.52141571045 38.881004333496
121.52141571045 38.880996704102
121.52141571045 38.880989074707
121.52142333984 38.880981445312
121.52142333984 38.880970001221
121.52142333984 38.880962371826
121.52142333984 38.880954742432
121.52142333984 38.88094329834
121.52142333984 38.880935668945
121.52142333984 38.880924224854
121.52142333984 38.880916595459
121.52143096924 38.880908966064
121.52143096924 38.88090133667
121.52143096924 38.880889892578
121.52143859863 38.880882263184
121.52143859863 38.880874633789
121.52144622803 38.880867004395
121.52144622803 38.880859375
121.52145385742 38.880855560303
121.52145385742 38.880844116211
121.52146148682 38.880836486816
121.52146911621 38.880832672119
121.52147674561 38.880828857422
121.52149200439 38.880825042725
121.52149963379 38.880821228027
121.52151489258 38.880821228027
121.52152252197 38.88081741333
121.52153778076 38.88081741333
121.52154541016 38.88081741333
121.52156066895 38.88081741333
121.52156829834 38.88081741333
121.52157592773 38.880821228027
121.52159118652 38.880821228027
121.52159881592 38.880821228027
121.52161407471 38.880821228027
121.5216217041 38.880825042725
121.52163696289 38.880821228027
121.52164459229 38.880821228027
121.52165985107 38.880821228027
121.52166748047 38.880821228027
121.52168273926 38.880821228027
121.52169036865 38.880821228027
121.52169799805 38.880821228027
121.52171325684 38.880821228027
121.52172851562 38.880821228027
121.52173614502 38.880821228027
121.52175140381 38.880821228027
121.5217666626 38.88081741333
121.52177429199 38.88081741333
121.52178192139 38.880813598633
121.52179718018 38.88081741333
121.52180480957 38.88081741333
121.52182006836 38.88081741333
121.52183532715 38.880821228027
121.52184295654 38.880821228027
121.52185058594 38.880825042725
121.52186584473 38.880825042725
121.52187347412 38.880828857422
121.52188873291 38.880828857422
121.5218963623 38.880832672119
121.52191162109 38.880832672119
121.52191925049 38.880836486816
121.52193450928 38.880836486816
121.52194213867 38.880836486816
121.52195739746 38.880840301514
121.52196502686 38.880840301514
121.52198028564 38.880844116211
121.52198791504 38.880844116211
121.52200317383 38.880844116211
121.52201080322 38.880844116211
121.52202606201 38.880844116211
121.52203369141 38.880844116211
121.5220489502 38.880844116211
121.52205657959 38.880847930908
121.52207183838 38.880847930908
121.52207946777 38.880847930908
121.52209472656 38.880851745605
121.52210235596 38.880855560303
121.52210998535 38.880859375
121.52212524414 38.880863189697
121.52213287354 38.880863189697
121.52214813232 38.880867004395
121.52215576172 38.880870819092
121.52217102051 38.880874633789
121.5221786499 38.880878448486
121.5221862793 38.880886077881
121.52220153809 38.880889892578
121.52220916748 38.880893707275
121.52221679688 38.880897521973
121.52222442627 38.88090133667
121.52223205566 38.880908966064
121.52223968506 38.880912780762
121.52224731445 38.880920410156
121.52225494385 38.880928039551
121.52226257324 38.880935668945
121.52227020264 38.88094329834
121.52227783203 38.880950927734
121.52228546143 38.880958557129
121.52229309082 38.880962371826
121.52230072021 38.880970001221
121.52230834961 38.880977630615
121.522315979 38.88098526001
121.522315979 38.880992889404
121.5223236084 38.881000518799
121.5223236084 38.881008148193
121.52233123779 38.881019592285
121.52233123779 38.88102722168
121.52233123779 38.881034851074
121.52233123779 38.881042480469
121.5223236084 38.881053924561
121.5223236084 38.881061553955
121.5223236084 38.88106918335
121.5223236084 38.881080627441
121.5223236084 38.881088256836
121.5223236084 38.881099700928
121.5223236084 38.881107330322
121.5223236084 38.881114959717
121.5223236084 38.881126403809
121.5223236084 38.881134033203
121.5223236084 38.881141662598
121.5223236084 38.881153106689
121.5223236084 38.881160736084
121.5223236084 38.881168365479
121.5223236084 38.881175994873
121.5223236084 38.881187438965
121.52233123779 38.881195068359
121.52233123779 38.881206512451
121.52233123779 38.881214141846
121.52233123779 38.881225585938
121.52233123779 38.881233215332
121.52233123779 38.881240844727
121.52233123779 38.881252288818
121.52233123779 38.881259918213
121.5223236084 38.881267547607
121.5223236084 38.881278991699
121.5223236084 38.881286621094
121.5223236084 38.881294250488
121.5223236084 38.88130569458
121.5223236084 38.881313323975
121.5223236084 38.881320953369
121.522315979 38.881332397461
121.522315979 38.881340026855
121.522315979 38.88134765625
121.522315979 38.881359100342
121.522315979 38.881366729736
121.522315979 38.881378173828
121.5223236084 38.881385803223
121.5223236084 38.881393432617
121.5223236084 38.881401062012
121.5223236084 38.881412506104
121.5223236084 38.881420135498
121.5223236084 38.881427764893
121.5223236084 38.881439208984
121.5223236084 38.881446838379
121.5223236084 38.881454467773
121.5223236084 38.881465911865
121.5223236084 38.88147354126
121.5223236084 38.881481170654
121.5223236084 38.881492614746
121.5223236084 38.881500244141
121.5223236084 38.881507873535
121.5223236084 38.881519317627
121.5223236084 38.881526947021
121.5223236084 38.881534576416
121.5223236084 38.881546020508
121.5223236084 38.881553649902
121.5223236084 38.881561279297
121.5223236084 38.881572723389
121.5223236084 38.881580352783
121.5223236084 38.881591796875
121.5223236084 38.88159942627
121.5223236084 38.881607055664
121.5223236084 38.881618499756
121.5223236084 38.88162612915
121.5223236084 38.88162612915
121.5223236084 38.88162612915
121.5223236084 38.88162612915
121.5223236084 38.88162612915
121.5223236084 38.88162612915
