819
121.52350616455 38.885604858398
121.52350616455 38.885604858398
121.52350616455 38.885604858398
121.52350616455 38.885604858398
121.52350616455 38.885604858398
121.52350616455 38.885604858398
121.52350616455 38.885604858398
121.52349853516 38.885604858398
121.52349090576 38.885604858398
121.52348327637 38.885604858398
121.52346801758 38.885604858398
121.52346038818 38.885604858398
121.52344512939 38.885604858398
121.5234375 38.885604858398
121.52342224121 38.885604858398
121.52340698242 38.885604858398
121.52339935303 38.885604858398
121.52338409424 38.885604858398
121.52337646484 38.885601043701
121.52336883545 38.885597229004
121.52335357666 38.885597229004
121.52333831787 38.885593414307
121.52333068848 38.885589599609
121.52331542969 38.885585784912
121.5233001709 38.885581970215
121.5232925415 38.885578155518
121.52327728271 38.88557434082
121.52326202393 38.885566711426
121.52324676514 38.885562896729
121.52323150635 38.885555267334
121.52321624756 38.885551452637
121.52320098877 38.885543823242
121.52318572998 38.885540008545
121.52317810059 38.88553237915
121.5231628418 38.885528564453
121.52313995361 38.885520935059
121.52312469482 38.885513305664
121.52310943604 38.88550567627
121.52309417725 38.885498046875
121.52307128906 38.88549041748
121.52305603027 38.885482788086
121.52303314209 38.885475158691
121.5230178833 38.885471343994
121.52300262451 38.8854637146
121.52298736572 38.885456085205
121.52297210693 38.885452270508
121.52295684814 38.885444641113
121.52294158936 38.885440826416
121.52293395996 38.885437011719
121.52291870117 38.885433197021
121.52290344238 38.885425567627
121.52288818359 38.885417938232
121.5228729248 38.885414123535
121.52285766602 38.885406494141
121.52283477783 38.885398864746
121.52281951904 38.885391235352
121.52279663086 38.885383605957
121.52278137207 38.885375976562
121.52276611328 38.885368347168
121.52275085449 38.885360717773
121.52272796631 38.885353088379
121.52271270752 38.885345458984
121.52269744873 38.88533782959
121.52268218994 38.885330200195
121.52265930176 38.885318756104
121.52264404297 38.885311126709
121.52262878418 38.885299682617
121.52261352539 38.885284423828
121.5225982666 38.885272979736
121.52258300781 38.885257720947
121.52256774902 38.885246276855
121.52255249023 38.885231018066
121.52253723145 38.885219573975
121.52252960205 38.885204315186
121.52251434326 38.885192871094
121.52249908447 38.885181427002
121.52248382568 38.88516998291
121.52247619629 38.885154724121
121.5224609375 38.885143280029
121.52245330811 38.885131835938
121.52244567871 38.885120391846
121.52243041992 38.885105133057
121.52242279053 38.885093688965
121.52240753174 38.885082244873
121.52239990234 38.885066986084
121.52239227295 38.885055541992
121.52238464355 38.885040283203
121.52236938477 38.885025024414
121.52236938477 38.885009765625
121.52236175537 38.884994506836
121.52235412598 38.884979248047
121.52235412598 38.884963989258
121.52234649658 38.884948730469
121.52234649658 38.88493347168
121.52234649658 38.884918212891
121.52234649658 38.884902954102
121.52234649658 38.884887695312
121.52233886719 38.884868621826
121.52233886719 38.884853363037
121.52233886719 38.884834289551
121.52233123779 38.884815216064
121.52233123779 38.884799957275
121.52233123779 38.884780883789
121.52233123779 38.884761810303
121.5223236084 38.884746551514
121.5223236084 38.884727478027
121.5223236084 38.884708404541
121.522315979 38.884693145752
121.522315979 38.884674072266
121.522315979 38.884654998779
121.522315979 38.884635925293
121.52230834961 38.884616851807
121.52230834961 38.88459777832
121.52230834961 38.884578704834
121.52230834961 38.884559631348
121.52230072021 38.884536743164
121.52230072021 38.884517669678
121.52230072021 38.884498596191
121.52229309082 38.884479522705
121.52229309082 38.884456634521
121.52229309082 38.884433746338
121.52229309082 38.884414672852
121.52228546143 38.884395599365
121.52228546143 38.884372711182
121.52227783203 38.884353637695
121.52227783203 38.884334564209
121.52227020264 38.884311676025
121.52227020264 38.884292602539
121.52226257324 38.884269714355
121.52226257324 38.884250640869
121.52226257324 38.884227752686
121.52225494385 38.884208679199
121.52225494385 38.884185791016
121.52225494385 38.884162902832
121.52224731445 38.884140014648
121.52224731445 38.884120941162
121.52224731445 38.884098052979
121.52224731445 38.884075164795
121.52223968506 38.884048461914
121.52223968506 38.88402557373
121.52223968506 38.884002685547
121.52223968506 38.883979797363
121.52223968506 38.88395690918
121.52223205566 38.883937835693
121.52223205566 38.88391494751
121.52223205566 38.883892059326
121.52223968506 38.883869171143
121.52223968506 38.883846282959
121.52223968506 38.883823394775
121.52223968506 38.883800506592
121.52223205566 38.883777618408
121.52223205566 38.883754730225
121.52223205566 38.883731842041
121.52223205566 38.883712768555
121.52223205566 38.883689880371
121.52223205566 38.883670806885
121.52223205566 38.883647918701
121.52223205566 38.883628845215
121.52223205566 38.883609771729
121.52223205566 38.883586883545
121.52223205566 38.883567810059
121.52222442627 38.883544921875
121.52222442627 38.883522033691
121.52222442627 38.883499145508
121.52222442627 38.883476257324
121.52222442627 38.883449554443
121.52222442627 38.88342666626
121.52222442627 38.883399963379
121.52222442627 38.883377075195
121.52222442627 38.883354187012
121.52222442627 38.883331298828
121.52222442627 38.883308410645
121.52222442627 38.883285522461
121.52222442627 38.883262634277
121.52222442627 38.883239746094
121.52222442627 38.88321685791
121.52222442627 38.883193969727
121.52222442627 38.88317489624
121.52221679688 38.883155822754
121.52220916748 38.883136749268
121.52220153809 38.883117675781
121.5221862793 38.883106231689
121.52217102051 38.883094787598
121.52214813232 38.8830909729
121.52212524414 38.883087158203
121.52210235596 38.8830909729
121.52207183838 38.8830909729
121.5220413208 38.8830909729
121.52201080322 38.8830909729
121.52198028564 38.8830909729
121.52194976807 38.8830909729
121.52191925049 38.8830909729
121.5218963623 38.883094787598
121.52186584473 38.883094787598
121.52184295654 38.8830909729
121.52181243896 38.8830909729
121.52178192139 38.8830909729
121.52175140381 38.8830909729
121.52172851562 38.8830909729
121.52169799805 38.8830909729
121.52167510986 38.8830909729
121.52164459229 38.8830909729
121.5216217041 38.8830909729
121.52159881592 38.8830909729
121.52156829834 38.8830909729
121.52154541016 38.8830909729
121.52152252197 38.8830909729
121.52149963379 38.8830909729
121.521484375 38.8830909729
121.52146148682 38.8830909729
121.52143859863 38.8830909729
121.52141571045 38.8830909729
121.52140045166 38.8830909729
121.52137756348 38.8830909729
121.5213470459 38.8830909729
121.52132415771 38.8830909729
121.52130889893 38.8830909729
121.52127838135 38.8830909729
121.52125549316 38.883087158203
121.52123260498 38.883087158203
121.5212097168 38.883087158203
121.52118682861 38.883087158203
121.52116394043 38.883087158203
121.52114105225 38.883087158203
121.52111053467 38.883087158203
121.52108764648 38.883087158203
121.5210647583 38.883087158203
121.52104187012 38.883087158203
121.52101898193 38.883087158203
121.52099609375 38.883087158203
121.52098083496 38.883087158203
121.52095794678 38.883083343506
121.52093505859 38.883083343506
121.52090454102 38.883083343506
121.52088165283 38.883083343506
121.52085113525 38.883083343506
121.52082824707 38.883083343506
121.52080535889 38.883083343506
121.52077484131 38.883079528809
121.52075195312 38.883079528809
121.52072143555 38.883079528809
121.52069854736 38.883079528809
121.52066802979 38.883079528809
121.5206451416 38.883075714111
121.52062225342 38.883075714111
121.52059936523 38.883071899414
121.52057647705 38.883068084717
121.52055358887 38.88306427002
121.52053070068 38.883052825928
121.52051544189 38.883041381836
121.52050018311 38.883026123047
121.52048492432 38.883010864258
121.52048492432 38.882991790771
121.52048492432 38.882972717285
121.52048492432 38.882949829102
121.52048492432 38.882926940918
121.52048492432 38.88289642334
121.52049255371 38.882869720459
121.52049255371 38.882843017578
121.52049255371 38.882823944092
121.52049255371 38.882804870605
121.52049255371 38.882785797119
121.52049255371 38.882766723633
121.52049255371 38.882747650146
121.52049255371 38.88272857666
121.52049255371 38.882713317871
121.52049255371 38.882698059082
121.52049255371 38.882682800293
121.52049255371 38.882667541504
121.52049255371 38.882648468018
121.52050018311 38.882633209229
121.52050018311 38.882614135742
121.52050018311 38.882598876953
121.52050018311 38.882583618164
121.52050018311 38.882568359375
121.52050018311 38.882549285889
121.52050018311 38.8825340271
121.52050018311 38.882518768311
121.52050018311 38.882499694824
121.52050018311 38.882480621338
121.52050018311 38.882465362549
121.52050018311 38.88245010376
121.52050018311 38.882431030273
121.52050018311 38.882411956787
121.52050018311 38.882392883301
121.52050018311 38.882373809814
121.52050018311 38.882354736328
121.5205078125 38.882335662842
121.5205078125 38.882312774658
121.5205078125 38.882293701172
121.5205078125 38.882270812988
121.5205078125 38.882251739502
121.5205078125 38.882232666016
121.5205078125 38.882209777832
121.5205078125 38.882190704346
121.5205078125 38.882167816162
121.5205078125 38.882148742676
121.5205078125 38.882125854492
121.5205078125 38.882106781006
121.5205078125 38.88208770752
121.5205078125 38.88207244873
121.5205078125 38.882049560547
121.5205078125 38.882030487061
121.5205078125 38.882007598877
121.5205078125 38.881984710693
121.52051544189 38.881965637207
121.5205078125 38.881942749023
121.5205078125 38.881923675537
121.5205078125 38.881904602051
121.5205078125 38.881881713867
121.5205078125 38.881858825684
121.52051544189 38.881832122803
121.52051544189 38.881809234619
121.52051544189 38.881786346436
121.52051544189 38.881767272949
121.52051544189 38.881744384766
121.52051544189 38.881725311279
121.52051544189 38.88171005249
121.52051544189 38.881690979004
121.52052307129 38.881671905518
121.52052307129 38.881652832031
121.52052307129 38.881629943848
121.52052307129 38.881607055664
121.52052307129 38.881587982178
121.52052307129 38.881565093994
121.52052307129 38.881542205811
121.52052307129 38.881523132324
121.52052307129 38.881500244141
121.52052307129 38.881481170654
121.52052307129 38.881458282471
121.52052307129 38.881439208984
121.52052307129 38.881420135498
121.52052307129 38.881397247314
121.52052307129 38.881374359131
121.52052307129 38.881355285645
121.52052307129 38.881332397461
121.52052307129 38.881313323975
121.52052307129 38.881290435791
121.52053070068 38.881271362305
121.52053070068 38.881248474121
121.52053070068 38.881229400635
121.52053070068 38.881210327148
121.52053070068 38.881187438965
121.52053070068 38.881168365479
121.52053070068 38.881149291992
121.52053070068 38.881130218506
121.52053070068 38.881107330322
121.52053070068 38.881088256836
121.52053070068 38.88106918335
121.52053070068 38.881050109863
121.52053070068 38.88102722168
121.52053070068 38.881011962891
121.52053070068 38.880989074707
121.52053833008 38.880970001221
121.52053833008 38.880950927734
121.52053833008 38.880931854248
121.52053833008 38.880916595459
121.52053833008 38.88090133667
121.52053833008 38.880889892578
121.52053833008 38.880878448486
121.52053833008 38.880867004395
121.52053833008 38.880855560303
121.52053833008 38.880836486816
121.52053833008 38.88081741333
121.52053833008 38.880798339844
121.52053833008 38.880779266357
121.52053833008 38.880760192871
121.52053833008 38.880741119385
121.52053833008 38.880722045898
121.52054595947 38.880702972412
121.52054595947 38.880683898926
121.52054595947 38.880661010742
121.52054595947 38.880641937256
121.52054595947 38.88062286377
121.52054595947 38.880599975586
121.52054595947 38.8805809021
121.52054595947 38.880558013916
121.52054595947 38.88053894043
121.52054595947 38.880519866943
121.52054595947 38.880500793457
121.52055358887 38.880485534668
121.52055358887 38.880466461182
121.52055358887 38.880447387695
121.52055358887 38.880428314209
121.52055358887 38.880405426025
121.52055358887 38.880386352539
121.52055358887 38.880363464355
121.52055358887 38.880344390869
121.52055358887 38.880325317383
121.52055358887 38.880302429199
121.52055358887 38.880283355713
121.52055358887 38.880264282227
121.52055358887 38.88024520874
121.52055358887 38.880226135254
121.52055358887 38.880207061768
121.52055358887 38.880184173584
121.52055358887 38.8801612854
121.52056121826 38.880142211914
121.52056121826 38.88011932373
121.52056884766 38.880100250244
121.52057647705 38.880084991455
121.52059173584 38.880065917969
121.52059936523 38.88005065918
121.52061462402 38.880035400391
121.52063751221 38.880020141602
121.520652771 38.88000869751
121.52067565918 38.880001068115
121.52069854736 38.879993438721
121.52072906494 38.879989624023
121.52075195312 38.879985809326
121.52077484131 38.879985809326
121.52079772949 38.879989624023
121.52082061768 38.879989624023
121.52084350586 38.879989624023
121.52087402344 38.879989624023
121.52089691162 38.879989624023
121.5209197998 38.879989624023
121.52094268799 38.879993438721
121.52097320557 38.879993438721
121.52099609375 38.879993438721
121.52102661133 38.879993438721
121.52104949951 38.879993438721
121.52108001709 38.879993438721
121.52111053467 38.879993438721
121.52113342285 38.879993438721
121.52115631104 38.879993438721
121.52117919922 38.879993438721
121.5212020874 38.879997253418
121.52122497559 38.879997253418
121.52125549316 38.879997253418
121.52127838135 38.879997253418
121.52130126953 38.879997253418
121.52133178711 38.879997253418
121.52135467529 38.879997253418
121.52137756348 38.879997253418
121.52140045166 38.879997253418
121.52143096924 38.879997253418
121.52145385742 38.879997253418
121.52147674561 38.879997253418
121.52149963379 38.879997253418
121.52152252197 38.880001068115
121.52154541016 38.879997253418
121.52156829834 38.880001068115
121.52159118652 38.880001068115
121.5216217041 38.880001068115
121.52164459229 38.880001068115
121.52166748047 38.880001068115
121.52169036865 38.880001068115
121.52172088623 38.880001068115
121.52174377441 38.880004882812
121.5217666626 38.880004882812
121.52178955078 38.880004882812
121.52182006836 38.880004882812
121.52184295654 38.88000869751
121.52186584473 38.88000869751
121.52188873291 38.88000869751
121.52191162109 38.88000869751
121.52193450928 38.88000869751
121.52195739746 38.88000869751
121.52198028564 38.88000869751
121.52201080322 38.88000869751
121.52203369141 38.88000869751
121.52205657959 38.88000869751
121.52208709717 38.88000869751
121.52210998535 38.88000869751
121.52213287354 38.88000869751
121.52215576172 38.88000869751
121.5221786499 38.88000869751
121.52220153809 38.88000869751
121.52222442627 38.880012512207
121.52224731445 38.880012512207
121.52226257324 38.880016326904
121.52228546143 38.880020141602
121.52230834961 38.880023956299
121.5223236084 38.880031585693
121.52233886719 38.880043029785
121.52234649658 38.880058288574
121.52235412598 38.880069732666
121.52236175537 38.880088806152
121.52236175537 38.880104064941
121.52236175537 38.880123138428
121.52236175537 38.880138397217
121.52236175537 38.880149841309
121.52236175537 38.8801612854
121.52236175537 38.880168914795
121.52236175537 38.880176544189
121.52236175537 38.880191802979
121.52236175537 38.880207061768
121.52236175537 38.880222320557
121.52236175537 38.880241394043
121.52236175537 38.880256652832
121.52235412598 38.880275726318
121.52235412598 38.880290985107
121.52235412598 38.880306243896
121.52235412598 38.880321502686
121.52235412598 38.880336761475
121.52235412598 38.880355834961
121.52235412598 38.88037109375
121.52235412598 38.880386352539
121.52235412598 38.880401611328
121.52235412598 38.880420684814
121.52235412598 38.880439758301
121.52235412598 38.880462646484
121.52235412598 38.880481719971
121.52234649658 38.880500793457
121.52234649658 38.880516052246
121.52234649658 38.880535125732
121.52234649658 38.880550384521
121.52234649658 38.880569458008
121.52234649658 38.880584716797
121.52234649658 38.880603790283
121.52234649658 38.880619049072
121.52234649658 38.880638122559
121.52234649658 38.880653381348
121.52234649658 38.880672454834
121.52234649658 38.880687713623
121.52234649658 38.880702972412
121.52234649658 38.880722045898
121.52234649658 38.880737304688
121.52234649658 38.880756378174
121.52234649658 38.88077545166
121.52234649658 38.880794525146
121.52233886719 38.880813598633
121.52233886719 38.880832672119
121.52233886719 38.880851745605
121.52233886719 38.880867004395
121.52233886719 38.880886077881
121.52233886719 38.88090133667
121.52233886719 38.880920410156
121.52233886719 38.880939483643
121.52233886719 38.880954742432
121.52233886719 38.880973815918
121.52233886719 38.880992889404
121.52233123779 38.881011962891
121.52233123779 38.881031036377
121.52233123779 38.881050109863
121.52233123779 38.88106918335
121.52233123779 38.881092071533
121.52233123779 38.88111114502
121.52233123779 38.881130218506
121.52233123779 38.881149291992
121.52233123779 38.881168365479
121.52233123779 38.881187438965
121.52233123779 38.881206512451
121.52233123779 38.881225585938
121.52233123779 38.881240844727
121.52233123779 38.881259918213
121.52233123779 38.881278991699
121.52233123779 38.881294250488
121.5223236084 38.881313323975
121.5223236084 38.881332397461
121.5223236084 38.881351470947
121.5223236084 38.881370544434
121.5223236084 38.881385803223
121.5223236084 38.881404876709
121.5223236084 38.881423950195
121.5223236084 38.881443023682
121.5223236084 38.881458282471
121.5223236084 38.881477355957
121.5223236084 38.881496429443
121.5223236084 38.88151550293
121.5223236084 38.881534576416
121.5223236084 38.881553649902
121.5223236084 38.881572723389
121.522315979 38.881591796875
121.522315979 38.881614685059
121.522315979 38.881633758545
121.522315979 38.881652832031
121.522315979 38.881671905518
121.522315979 38.881690979004
121.522315979 38.88171005249
121.52230834961 38.881729125977
121.52230834961 38.881748199463
121.52230834961 38.881763458252
121.52230834961 38.881782531738
121.52230834961 38.881797790527
121.52230834961 38.881816864014
121.52230834961 38.8818359375
121.52230834961 38.881851196289
121.52230834961 38.881870269775
121.52230834961 38.881893157959
121.52230834961 38.881916046143
121.52230834961 38.881935119629
121.52230834961 38.881954193115
121.52230834961 38.881973266602
121.52230072021 38.881992340088
121.52230072021 38.882011413574
121.52230072021 38.882030487061
121.52230072021 38.882049560547
121.52230072021 38.882064819336
121.52230072021 38.882083892822
121.52230072021 38.882102966309
121.52230072021 38.882122039795
121.52230072021 38.882137298584
121.52229309082 38.88215637207
121.52229309082 38.882175445557
121.52229309082 38.882190704346
121.52229309082 38.882209777832
121.52229309082 38.882228851318
121.52229309082 38.882247924805
121.52229309082 38.882270812988
121.52228546143 38.882293701172
121.52228546143 38.882312774658
121.52228546143 38.882335662842
121.52228546143 38.882354736328
121.52228546143 38.882373809814
121.52228546143 38.882392883301
121.52228546143 38.882411956787
121.52228546143 38.882427215576
121.52228546143 38.882446289062
121.52228546143 38.882465362549
121.52228546143 38.882484436035
121.52228546143 38.882503509521
121.52228546143 38.882522583008
121.52228546143 38.882541656494
121.52228546143 38.882564544678
121.52228546143 38.882583618164
121.52228546143 38.88260269165
121.52228546143 38.882621765137
121.52227783203 38.882640838623
121.52227783203 38.882659912109
121.52227783203 38.882678985596
121.52227783203 38.882698059082
121.52227783203 38.882717132568
121.52227783203 38.882736206055
121.52227783203 38.882755279541
121.52227783203 38.882774353027
121.52227783203 38.882797241211
121.52227783203 38.882816314697
121.52227783203 38.882835388184
121.52227783203 38.88285446167
121.52227020264 38.882873535156
121.52227020264 38.882892608643
121.52227020264 38.882915496826
121.52227020264 38.882934570312
121.52227020264 38.882953643799
121.52227020264 38.882972717285
121.52227020264 38.882991790771
121.52227020264 38.883010864258
121.52227020264 38.883033752441
121.52227020264 38.883052825928
121.52227020264 38.883071899414
121.52227020264 38.8830909729
121.52226257324 38.883113861084
121.52226257324 38.88313293457
121.52226257324 38.883152008057
121.52226257324 38.883171081543
121.52226257324 38.883190155029
121.52225494385 38.883209228516
121.52225494385 38.883228302002
121.52225494385 38.883251190186
121.52224731445 38.883270263672
121.52224731445 38.883289337158
121.52224731445 38.883308410645
121.52224731445 38.883331298828
121.52224731445 38.883350372314
121.52224731445 38.883369445801
121.52224731445 38.883392333984
121.52224731445 38.883411407471
121.52224731445 38.883430480957
121.52224731445 38.883449554443
121.52224731445 38.883472442627
121.52225494385 38.883491516113
121.52225494385 38.883514404297
121.52225494385 38.883533477783
121.52225494385 38.883556365967
121.52225494385 38.88357925415
121.52225494385 38.883598327637
121.52225494385 38.88362121582
121.52225494385 38.883644104004
121.52225494385 38.883666992188
121.52225494385 38.883689880371
121.52225494385 38.883712768555
121.52225494385 38.883735656738
121.52225494385 38.883758544922
121.52225494385 38.883781433105
121.52225494385 38.883804321289
121.52225494385 38.883827209473
121.52225494385 38.883850097656
121.52225494385 38.88387298584
121.52225494385 38.883895874023
121.52225494385 38.883918762207
121.52225494385 38.883941650391
121.52226257324 38.883964538574
121.52226257324 38.883987426758
121.52226257324 38.884006500244
121.52226257324 38.884029388428
121.52226257324 38.884048461914
121.52226257324 38.884071350098
121.52227020264 38.884094238281
121.52227020264 38.884113311768
121.52227020264 38.884136199951
121.52227783203 38.884155273438
121.52227783203 38.884178161621
121.52227783203 38.884197235107
121.52227783203 38.884220123291
121.52228546143 38.884239196777
121.52228546143 38.884262084961
121.52228546143 38.884281158447
121.52228546143 38.884300231934
121.52229309082 38.884323120117
121.52229309082 38.884342193604
121.52230072021 38.88436126709
121.52230834961 38.884380340576
121.522315979 38.884399414062
121.52233123779 38.884418487549
121.52234649658 38.884437561035
121.52236175537 38.884452819824
121.52238464355 38.884464263916
121.52240753174 38.884479522705
121.52243041992 38.8844871521
121.52245330811 38.884498596191
121.52248382568 38.884502410889
121.52251434326 38.884510040283
121.52253723145 38.88451385498
121.52256774902 38.88451385498
121.52259063721 38.884517669678
121.52262115479 38.884521484375
121.52264404297 38.884521484375
121.52267456055 38.884521484375
121.52269744873 38.884521484375
121.52272796631 38.884521484375
121.52275085449 38.884521484375
121.52277374268 38.884525299072
121.52280426025 38.884525299072
121.52283477783 38.88452911377
121.52285003662 38.884532928467
121.5228729248 38.884532928467
121.52289581299 38.884532928467
121.52291870117 38.884532928467
121.52294158936 38.884536743164
121.52297210693 38.884540557861
121.52299499512 38.884540557861
121.5230178833 38.884544372559
121.52304077148 38.884544372559
121.52306365967 38.884544372559
121.52309417725 38.884548187256
121.52311706543 38.884548187256
121.52313995361 38.884548187256
121.5231628418 38.884548187256
121.52318572998 38.884548187256
121.52321624756 38.884548187256
121.52323913574 38.884548187256
121.52326965332 38.884552001953
121.5232925415 38.884552001953
121.52331542969 38.884552001953
121.52333831787 38.88455581665
121.52336120605 38.88455581665
121.52339172363 38.88455581665
121.52341461182 38.88455581665
121.5234375 38.88455581665
121.52346038818 38.88455581665
121.52348327637 38.88455581665
121.52350616455 38.884563446045
121.52352905273 38.884571075439
121.52355194092 38.884582519531
121.52356719971 38.88459777832
121.5235748291 38.884616851807
121.5235824585 38.884635925293
121.5235824585 38.884654998779
121.5235824585 38.884674072266
121.5235824585 38.884693145752
121.5235824585 38.884712219238
121.5235824585 38.884735107422
121.5235824585 38.884754180908
121.5235748291 38.884777069092
121.5235748291 38.884796142578
121.5235748291 38.884819030762
121.5235748291 38.884841918945
121.5235748291 38.884860992432
121.5235748291 38.884883880615
121.5235748291 38.884902954102
121.5235748291 38.884925842285
121.5235748291 38.884948730469
121.52356719971 38.884971618652
121.52356719971 38.884994506836
121.52356719971 38.88501739502
121.52356719971 38.885040283203
121.52356719971 38.885063171387
121.52356719971 38.885082244873
121.52356719971 38.885105133057
121.52356719971 38.88512802124
121.52356719971 38.885147094727
121.52356719971 38.885166168213
121.52356719971 38.885185241699
121.52356719971 38.885208129883
121.52356719971 38.885227203369
121.52356719971 38.885246276855
121.52356719971 38.885269165039
121.52356719971 38.885288238525
121.52356719971 38.885311126709
121.52355957031 38.885330200195
121.52355957031 38.885353088379
121.52356719971 38.885375976562
121.52356719971 38.885395050049
121.52356719971 38.885417938232
121.52356719971 38.885437011719
121.52356719971 38.885459899902
121.52356719971 38.885482788086
121.52356719971 38.885501861572
121.52356719971 38.885520935059
121.52356719971 38.885540008545
121.52356719971 38.885559082031
121.52355957031 38.88557434082
121.52355957031 38.885585784912
121.52354431152 38.885593414307
121.52353668213 38.885601043701
121.52352142334 38.885604858398
121.52351379395 38.885604858398
121.52350616455 38.885604858398
121.52350616455 38.885604858398
121.52349853516 38.885604858398
121.52349090576 38.885604858398
121.52348327637 38.885604858398
121.52346038818 38.885604858398
121.52344512939 38.885604858398
121.52342987061 38.885604858398
121.52341461182 38.885604858398
121.52341461182 38.885604858398
